filenames,corpus,WC,WPS,Sixltr,Dic,Numerals,funct,pronoun,ppron,i,we,you,shehe,they,ipron,article,verb,auxverb,past,present,future,adverb,preps,conj,negate,quant,number,swear,social,family,friend,humans,affect,posemo,negemo,anx,anger,sad,cogmech,insight,cause,discrep,tentat,certain,inhib,incl,excl,percept,see,hear,feel,bio,body,health,sexual,ingest,relativ,motion,space,time,work,achieve,leisure,home,money,relig,death,assent,nonfl,filler,Period,Comma,Colon,SemiC,QMark,Exclam,Dash,Quote,Apostro,Parenth,OtherP,AllPct
AF_1001Nights_Tales.txt,EN_FIC,229281,229281,15.8,82.52,0,60.4,16.17,11.24,3.28,0.48,1.49,4.89,1.11,4.93,9.26,8.83,5.59,3.93,3.22,0.88,2.57,15.61,9.41,1,1.95,1.18,0.03,12.18,0.87,0.13,0.92,3.25,2,1.24,0.19,0.46,0.36,14.85,1.18,0.96,0.75,1.83,0.69,0.48,7.57,1.96,1.9,0.8,0.51,0.41,2.18,1.13,0.33,0.24,0.53,12.19,2.3,5.32,4.47,0.84,1.33,0.71,0.59,0.64,0.87,0.43,0.05,0.06,0.09,2.83,9.8,0.65,1.7,0.28,0.27,0.97,0,0.33,0.35,0.12,17.65
AF_Aesop_Tales.txt,EN_FIC,27436,27436,12.39,83.77,0,60.88,12.37,8.84,0,0.01,0.1,6.89,1.83,3.54,13.11,9.68,4.89,6.81,1.62,0.42,3.62,16.06,9.43,0.84,2.25,1.2,0.51,12.03,0.22,0.28,0.77,4.63,2.31,2.31,0.39,0.86,0.55,14.54,1.05,0.92,0.83,1.07,0.89,0.48,7.95,1.68,2.09,0.97,0.45,0.63,2.58,1.33,0.54,0.57,0.71,15.47,3.11,7.35,4.71,0.68,1.47,0.77,0.36,0.55,0.24,0.36,0,0.14,0.06,3.48,7.68,0.4,0.52,0,0.01,0.4,0,0.4,0.01,0,12.92
AF_American_Fairy.txt,EN_FIC,21718,21718,15.11,83.18,0,55.55,11.25,7.53,0.05,0.06,0.07,6.05,1.31,3.72,11.69,9.24,4.82,6.78,1.39,0.46,3.43,14.41,8.49,0.86,2.01,1.11,0.03,11.63,0.54,0.15,1.65,4.64,2.57,2.02,0.56,0.49,0.59,13.71,1.5,0.67,0.83,1.25,0.87,0.61,6.7,1.69,3.22,1.53,0.59,0.82,2.45,1.56,0.41,0.11,0.55,16.47,2.69,8.12,5.46,0.95,1.58,0.65,0.85,0.96,0.14,0.17,0,0.1,0.06,5.33,5.8,0.35,0.67,0,0.03,0.66,0.01,0.59,0.01,0.17,13.65
AF_Anderson_Fairy.txt,EN_FIC,36419,36419,12.88,85.83,0,59.55,11.75,6.98,0.04,0.27,0.06,4.95,1.65,4.77,11.25,11.09,6.52,8.11,1.58,0.55,4.87,13.72,9.22,1.16,2.74,1.15,0.01,10.31,0.41,0.13,1.35,3.48,2.33,1.13,0.3,0.21,0.35,16.06,1.47,0.6,1.24,1.79,1.48,0.42,7.45,2.31,3.57,1.93,0.54,1.04,2.33,1.61,0.29,0.15,0.33,17.2,2.84,9,5.41,0.7,0.83,0.83,1.19,0.34,0.44,0.21,0.12,0.12,0.22,4.16,7.5,0.31,2.28,0.07,0.26,1.27,0.01,0.4,0.02,0.06,16.37
AF_Bracebridge_Tales.txt,EN_FIC,44300,44300,19.6,81.65,0,56.54,10.78,6.99,1.19,0.21,0.02,4.5,1.07,3.79,10.62,9.36,6.41,3.7,4.3,0.64,3.29,16.64,6.88,0.81,2.7,0.82,0.02,9.72,0.47,0.35,0.95,5.32,3.73,1.55,0.38,0.4,0.41,14.09,1.46,0.88,0.67,2.27,1.57,0.46,5.86,1.52,2.23,0.99,0.58,0.52,1.85,0.94,0.4,0.3,0.29,13.87,1.73,7.22,4.86,1.16,1.4,1.31,0.94,0.54,0.39,0.17,0.02,0.09,0.13,2.92,8.36,0.12,1.36,0.01,0.05,1.02,0,0.5,0.24,0.04,14.86
AF_CentNouvelles_Tales.txt,EN_FIC,94390,94390,13.8,88.59,0,62.54,16.82,10.84,0.24,0.1,0.22,9.08,1.19,5.98,8.59,12.83,7.76,8.23,2.37,1.1,3.76,13.91,9.58,1.61,2.49,1.16,0.04,17.29,1.36,0.52,1.25,5.34,3.72,1.6,0.26,0.51,0.43,17.13,1.8,1.17,1.81,1.69,1.11,0.49,7.02,2.46,1.89,0.72,0.73,0.4,1.92,0.77,0.38,0.48,0.34,12.68,2.4,5.31,4.82,0.66,1.24,0.45,0.77,0.54,0.91,0.23,0.01,0.22,0.04,3.29,9.89,0.02,0.62,0.04,0.01,0.88,0.01,0.29,0.14,0.29,15.62
AF_Cervantes_Novella.txt,EN_FIC,106283,106283,18.18,83.62,0,59.62,15.19,9.83,1.1,0.18,0.28,6.18,2.09,5.36,8.68,10.41,6.46,6.03,2.32,1.02,3.01,16.13,7.16,1.42,2.73,1.3,0.06,13.16,0.63,0.25,0.9,4.86,3.27,1.55,0.31,0.41,0.48,15.3,1.7,1.18,1.49,1.83,1.33,0.56,5.6,2.31,2.2,0.94,0.71,0.44,1.9,1.17,0.4,0.22,0.21,12.58,2.42,5.97,4.07,0.88,1.42,0.62,0.71,0.72,0.54,0.19,0.01,0.15,0.07,2.76,8.92,0.13,1.14,0.05,0.05,0.4,0.03,0.5,0.07,0.21,14.33
AF_ChildrensTales_Fairy.txt,EN_FIC,119228,119228,11.1,83.92,0,57.45,12.43,8.76,0.4,0.08,0.31,6.45,1.52,3.67,10.9,10.4,5.41,7.24,1.78,0.59,4.2,13.92,9.12,1.03,2.07,1.33,0.09,11.95,0.73,0.11,0.92,4.26,2.77,1.47,0.3,0.45,0.46,14.34,1.1,0.75,1.06,1.14,1.25,0.42,7.23,1.74,3.41,1.73,0.73,0.8,2.54,1.46,0.3,0.21,0.72,17.61,3.34,8.49,5.6,0.35,1.22,0.72,1.05,0.47,0.28,0.21,0.07,0.15,0.12,4.09,8.14,0.4,0.96,0.12,0.3,0.92,0.03,0.84,0.01,1.26,17.07
AF_Chretien_Tales.txt,EN_FIC,111169,111169,13.13,84.81,0,61.15,16.58,11.85,0.42,0.04,0.09,8.77,2.53,4.72,7.53,11.28,6.89,4.74,4.55,1.16,4,14,9.38,1.85,2.76,1.2,0.01,15.83,0.32,0.15,0.54,5.34,3.16,2.14,0.41,0.68,0.67,16.33,1.29,1.25,1.55,1.67,1.47,0.72,6.7,2.57,2.51,0.95,0.9,0.57,2.15,1.24,0.44,0.3,0.22,13.5,2.51,6.2,4.61,0.52,1.86,0.34,0.45,0.26,0.58,0.34,0.02,0.21,0.05,4.18,7.05,0.85,0.75,0.04,0.02,0.57,0,0.35,0.31,0,14.45
AF_ChristmasCarol_Tales.txt,EN_FIC,20386,20386,16.9,83.05,0,56.67,12.05,6.88,0.22,0.02,0.2,4.96,1.48,5.17,9.42,9.97,6.31,6.87,1.62,0.63,3.69,15.08,7.79,1.19,2.3,1.26,0.03,10.15,0.54,0.13,1.32,4.31,2.7,1.57,0.58,0.26,0.49,14.73,1.38,0.77,1.18,2,1.32,0.46,6.45,1.98,3.81,1.47,0.75,1.46,2.69,1.85,0.32,0.18,0.49,15.47,1.96,8.52,5.01,0.64,0.89,0.74,1.2,0.41,0.79,0.69,0.08,0.06,0.21,4.88,9.43,0.3,1.52,0.05,0.38,1.07,0,0.91,0.07,0,18.68
AF_Decameron1_Tales.txt,EN_FIC,91840,91840,17.15,82.57,0,59.04,14.7,9.71,0.51,0.17,0.16,7.21,1.66,4.99,7.93,9.89,6.11,5.78,2.04,0.9,3.63,15.58,8.62,1.53,3.12,0.91,0.03,14.05,0.52,0.2,1.39,4.85,3.19,1.62,0.33,0.39,0.59,15.85,1.67,1.3,1.13,1.91,1.25,0.57,6.42,2.06,1.71,0.62,0.57,0.36,1.82,0.79,0.44,0.38,0.26,11.88,2.23,5.27,4.21,0.64,1.42,0.49,0.6,0.49,0.78,0.41,0.02,0.18,0.06,2.18,10.38,0.6,0.96,0.02,0.05,0.42,0,0.74,0.08,0,15.5
AF_Decameron2_Tales.txt,EN_FIC,106735,106735,16.24,81.3,0,58.86,15.18,10.17,0.63,0.14,0.3,7.51,1.58,5.01,7.49,10.39,6.56,5.53,2.31,1.07,3.71,14.89,8.85,1.62,2.82,0.83,0.03,14.42,0.62,0.27,1.26,4.55,3.13,1.38,0.25,0.39,0.44,15.67,1.42,1.31,1.05,1.76,1.22,0.49,6.64,2.1,1.8,0.64,0.64,0.39,1.85,0.86,0.31,0.43,0.32,11.56,2.14,5.09,4.2,0.66,1.27,0.49,0.64,0.42,0.52,0.23,0.02,0.18,0.11,2.07,11.22,1.01,0.91,0.05,0.04,0.42,0,0.86,0.07,0,16.72
AF_DrollStories_Tales.txt,EN_FIC,121788,121788,17.85,83.72,0,57.45,13.5,7.88,0.19,0.2,0.22,6.26,1,5.63,10.44,9.45,5.94,5.36,2.47,0.77,2.77,16.41,6.49,1.11,2.03,0.98,0.04,12.82,0.59,0.31,1.35,6.45,4.63,1.79,0.3,0.63,0.47,13.62,1.62,1.32,1.19,1.21,1.48,0.57,5.12,1.55,2.33,0.93,0.57,0.57,2.47,1.2,0.41,0.57,0.36,12.15,1.83,6.26,3.98,0.79,1.54,0.61,0.64,0.6,1.3,0.26,0.03,0.19,0.18,2.74,9.68,0.06,0.55,0.05,0.08,0.64,0.02,0.43,0.02,0.05,14.34
AF_Edda_Saga.txt,EN_FIC,49555,49555,12.95,76.55,0,55.96,12.5,7.06,0.5,0.36,0.43,4.32,1.46,5.44,9.46,11.18,7.15,5.18,4.27,0.99,3.32,13.25,8.47,0.96,2.24,1.12,0.01,10.43,0.75,0.1,0.72,3.44,2,1.44,0.23,0.57,0.33,14.06,1.27,1.06,1.02,1.37,1.16,0.39,6.34,1.9,1.83,0.72,0.45,0.56,1.57,0.98,0.26,0.03,0.32,13.2,2.37,6.44,4.24,0.47,1.23,0.51,0.35,0.31,0.56,0.3,0.01,0.07,0.06,5.02,7.16,0.93,0.75,0.21,0.06,1.1,0,0.9,0.44,0.43,17.45
AF_FatherBrown_Tales.txt,EN_FIC,35572,35572,18.33,81.69,0,54.01,9.64,5.61,0.34,0.09,0.16,4.32,0.69,4.03,11.44,8.29,4.97,6,1.35,0.32,3.54,15.04,7.21,0.78,2.46,1.2,0.06,8.99,0.68,0.2,1.07,4.3,2.35,1.92,0.47,0.54,0.53,14.69,1.57,0.58,0.95,2.63,1.02,0.52,6.12,2.55,4.99,3.19,0.83,0.95,2.64,1.73,0.45,0.07,0.41,14.41,2.01,8.31,4.32,0.95,0.76,0.99,0.89,0.27,0.65,0.2,0.01,0.09,0.4,4.55,6.44,0.35,1.2,0.01,0.01,1.15,0.03,0.48,0.08,0,14.39
AF_Gargantua1_Tales.txt,EN_FIC,32670,32670,17.41,79.38,0,57.54,13.8,8.82,1.68,0.66,1.14,3.18,2.16,4.98,7.55,9.52,6.48,3.78,3.44,1.35,2.98,15.11,7.96,1.47,2.87,1.59,0.15,9.96,0.17,0.18,0.66,4.85,3.2,1.64,0.17,0.75,0.33,15.41,1.06,1.37,1.17,1.87,1.55,0.54,6.56,2.36,1.96,0.85,0.37,0.5,2.36,1.35,0.34,0.18,0.65,11.19,1.99,5.74,3.34,0.74,1.03,0.76,0.28,0.48,1.24,0.31,0.15,0.21,0.13,3.16,11.81,0.17,0.7,0.29,0.14,0.93,0,0.47,0.11,0.02,17.91
AF_Gargantua2_Tales.txt,EN_FIC,110144,110144,19.24,78.27,0,57.12,13.34,7.94,1.96,0.45,1.21,2.84,1.48,5.4,7.88,9.03,6.35,3.19,3.53,1.25,3.1,15.34,8.08,1.56,2.9,1.07,0.13,8.94,0.35,0.14,0.62,4.8,3.12,1.66,0.24,0.6,0.32,15.17,1.38,1.39,1.05,2.14,1.46,0.48,5.97,2.23,1.79,0.55,0.48,0.52,2.17,1.17,0.4,0.21,0.48,10.97,1.53,5.96,3.43,0.92,1.12,0.58,0.22,0.57,0.84,0.22,0.1,0.21,0.17,3.57,10.89,0.07,0.76,0.26,0.15,0.74,0,0.22,0.05,0,16.77
AF_genji_Tales.txt,EN_FIC,292955,292955,16.96,83.88,0,57.94,13,8.86,0.08,0.01,0.02,7.74,1.01,4.14,8.67,13.93,9.43,9.4,2.12,1.13,4.17,13.96,5.9,1.62,2.34,0.94,0.01,13.48,0.87,0.11,1.42,5.6,3.1,2.45,0.6,0.36,0.98,15.61,2.42,0.97,2,2.42,1.36,0.67,4.75,2.16,2.32,1.02,0.5,0.63,1.11,0.5,0.43,0.09,0.12,13.07,2.32,6.12,4.5,0.79,1.16,0.58,0.61,0.19,0.51,0.17,0.05,0.12,0.09,6.23,5.04,0.2,0.15,0.19,0.06,0.71,0.11,0.6,0.04,1.59,14.94
AF_GeoffreyCrayon_Tales.txt,EN_FIC,116714,116714,20.81,79.66,0,55.24,10.32,6.08,1.1,0.3,0.11,3.47,1.09,4.24,10.51,8.39,6.04,4.19,2.77,0.68,2.87,16.69,6.84,0.73,2.47,0.73,0.01,8.13,0.38,0.32,0.65,5.61,3.59,1.99,0.42,0.5,0.68,13.94,1.38,0.86,0.72,2.07,1.36,0.45,6.2,1.56,2.46,1.1,0.58,0.62,1.96,1.04,0.47,0.22,0.3,13.46,1.7,7.5,4.25,0.94,1.14,1.04,0.8,0.43,0.76,0.44,0.02,0.07,0.14,3.01,7.15,0.12,0.98,0.07,0.11,0.98,0,0.38,0.01,0.07,12.9
AF_German_Tales.txt,EN_FIC,141476,141476,19.3,82.87,0,57.65,13.74,9.25,2,0.21,0.16,5.98,0.9,4.5,10.18,9.42,5.74,6.5,1.54,0.59,3.14,15.96,6.84,1.15,2.35,0.92,0.02,10.9,0.46,0.23,0.72,5.19,3.05,2.09,0.53,0.56,0.57,14.43,1.83,1.05,1.12,1.74,1.14,0.55,5.78,1.69,2.82,1.26,0.64,0.8,2.2,1.32,0.46,0.18,0.3,14.46,2.34,7.18,4.83,0.89,1.28,0.67,0.63,0.49,0.5,0.28,0.04,0.09,0.12,3.42,9.71,0.17,0.64,0.06,0.07,0.66,0.04,0.41,0.04,0.1,15.35
AF_Grimms_Fairy.txt,EN_FIC,67086,67086,9.81,87.79,0,61.92,13.84,9.9,0.04,0.01,0.05,8.02,1.78,3.94,10.71,12.23,5.67,9.46,1.41,0.6,4.5,14.22,11.97,1.09,1.99,1.4,0.07,13.42,0.96,0.13,0.87,3.47,1.99,1.47,0.28,0.48,0.48,16.49,1.04,0.71,1.2,0.99,1.04,0.42,9.42,2.05,2.84,1.45,0.58,0.75,2.53,1.38,0.23,0.15,0.88,19.46,4.35,8.37,6.43,0.29,1.25,0.75,1.07,0.39,0.15,0.3,0.02,0.09,0.07,3.27,8.75,0.95,1.26,0.02,0.04,0.46,0,0.69,0.01,0,15.47
AF_Hawthorne_Tales.txt,EN_FIC,123910,123910,19.56,79.96,0,54.89,10.37,6.2,0.87,0.32,0.19,3.62,1.2,4.17,11.23,7.93,5.57,4.52,1.9,0.79,3.28,15.65,6.96,0.91,2.39,0.9,0.01,8.69,0.29,0.23,1.22,4.91,2.97,1.91,0.47,0.39,0.69,13.4,1.53,0.8,0.99,2.19,1.07,0.45,5.48,1.83,2.82,1.37,0.52,0.81,2.31,1.38,0.48,0.22,0.28,13.84,1.84,7.04,4.98,0.88,1,0.79,0.7,0.46,0.82,0.52,0.04,0.07,0.15,3.53,6.08,0.04,0.41,0.12,0.17,1.44,0,0.52,0.01,0.07,12.4
AF_Heimskringla_Epic.txt,EN_FIC,224283,224283,13.93,80.34,0,55.88,11.33,6.98,0.01,0.03,0,4.94,2,4.35,9.26,10.29,5.76,7.97,1.12,0.54,3.54,15.33,8.92,0.62,2.71,0.82,0.01,12.38,0.88,0.23,1.55,3.24,2.06,1.17,0.09,0.77,0.17,14.48,0.77,0.91,0.96,1.05,1.08,0.48,8.07,1.34,1.42,0.41,0.64,0.36,1.03,0.59,0.26,0.03,0.16,16.06,3.24,7.92,4.65,0.53,3.51,0.35,0.39,0.36,0.5,0.4,0,0.1,0.02,4.39,7.5,0.35,1.32,0,0,0.61,0.01,1.03,0.21,0,15.62
AF_Hoffmann_Tales.txt,EN_FIC,74714,74714,20.19,82.23,0,55.9,12.67,8.53,1.81,0.24,0.21,5.55,0.72,4.13,8.84,9.11,5.62,6.12,1.64,0.58,3.68,16.37,6.89,0.96,2.6,0.78,0.04,10.24,0.51,0.19,0.76,5.53,3.14,2.32,0.56,0.62,0.59,14.6,1.59,0.91,1.11,1.87,1.44,0.45,5.97,1.8,3.2,1.34,0.8,0.91,2.41,1.48,0.57,0.2,0.21,15.68,2.25,8.13,5.24,1.03,1.23,0.88,0.75,0.4,0.39,0.32,0.02,0.14,0.16,3.12,7.05,0.07,1.01,0.04,0.05,1.22,0.01,0.71,0.15,0.29,13.88
AF_Holmes_Tales.txt,EN_FIC,28497,28497,16.22,82.94,0,56.9,13.75,9.52,2.86,1.2,0.57,4.61,0.27,4.23,9.93,8.99,5.65,5.62,2.09,0.61,3.08,16.23,6.57,0.75,1.92,1.12,0.01,9.7,0.18,0.32,0.88,4.03,2.27,1.72,0.4,0.31,0.6,13.79,1.36,0.65,0.87,1.48,1.06,0.58,6.85,1.37,4.01,2,0.6,1.26,2.78,2.02,0.38,0.08,0.38,17.15,2.51,10,4.6,0.91,0.88,0.53,1.2,0.35,0.18,0.15,0.09,0.11,0.11,5.9,7.12,0.05,0.2,0.24,0.12,1.14,0.25,1.06,0,0,16.08
AF_Iliad_Epic.txt,EN_FIC,82858,82858,13.27,78.21,0,56.73,12.7,9.62,0.01,0,0.05,6.88,2.67,3.08,9.24,8.16,4.56,6.16,1.2,0.42,3.22,17.17,9.18,0.72,1.92,0.99,0.03,13.51,1.14,0.14,0.66,4.25,1.76,2.47,0.32,1.29,0.57,12.37,0.33,0.93,0.5,0.64,0.69,0.56,7.5,1.32,2.5,0.84,0.69,1.02,2.66,2.05,0.35,0.1,0.27,15.37,3.04,8.04,4.1,0.35,1.14,0.3,0.3,0.15,0.43,0.55,0,0.05,0.1,2.97,7.41,0.09,0.75,0.01,0,0.99,0.01,0.29,0.01,0,12.55
AF_Indian_Fairy.txt,EN_FIC,36871,36871,12.39,85.13,0,58.62,13.32,9.78,0.01,0.01,0.01,7.93,1.83,3.54,10.9,9.99,4.57,7.78,1.18,0.41,3.97,14.36,9.63,0.82,2.23,1.66,0.04,14.84,1.63,0.13,0.82,3.95,2.38,1.57,0.31,0.59,0.39,14.43,1.27,0.82,0.79,1,1.16,0.45,7.67,1.35,2.6,1.24,0.7,0.6,2.1,1.05,0.32,0.09,0.71,16.88,3.54,6.98,6.09,0.37,1.69,0.86,0.83,0.55,0.29,0.42,0.01,0.07,0.05,4.13,8.73,0.28,0.76,0.02,0.11,0.6,0.01,1.08,0.11,0.05,15.99
AF_Irish_Fairy.txt,EN_FIC,45231,45231,13.12,82.1,0,58.55,13.13,8,0.05,0.16,0.14,6.07,1.59,5.13,9.22,11.16,7.17,6.99,2.19,1.02,3.08,14.66,9.42,1.3,1.9,1.08,0.03,11.59,0.59,0.12,1.08,4.29,2.43,1.82,0.37,0.66,0.53,15.56,1.39,0.6,1.42,1.53,1.01,0.54,7.61,2.19,3.36,1.74,0.65,0.78,2.54,1.79,0.3,0.23,0.27,13.87,2.54,7.1,4.22,0.47,1.47,0.6,0.37,0.09,0.24,0.26,0.01,0.1,0.12,5.06,6.66,0.16,0.54,0.02,0.05,0.66,0.03,0.96,0.02,0,14.17
AF_Japanese_Fairy.txt,EN_FIC,53727,53727,13.57,85.44,0,58.16,12.91,9.1,0.01,0.01,0.02,7.76,1.3,3.81,10.32,10.64,5.69,7.65,1.69,0.48,3.68,15.53,8.13,1.01,2.33,1.07,0.02,13.17,0.85,0.17,1.07,5.57,3.23,2.33,0.45,0.83,0.57,14.5,1.56,0.84,1.18,1.33,1.37,0.66,6.56,1.47,2.67,1.35,0.51,0.72,1.88,1.01,0.44,0.11,0.34,16.54,2.96,7.12,6.24,0.51,1.5,0.58,0.73,0.31,0.73,0.32,0.01,0.08,0.12,4.12,5.55,0.39,0.13,0.03,0.05,0.54,0,0.6,0.04,0,11.52
AF_KingArthur_Tales.txt,EN_FIC,57371,57371,13.07,79.77,0,55.09,12.42,9.51,0.01,0.01,0,7.24,2.25,2.92,7.89,8.39,3.65,6.47,0.84,0.52,3.54,14.01,12.52,0.55,2.5,1.05,0.03,15.51,0.34,0.05,3.49,3.69,1.96,1.73,0.22,0.8,0.51,15.87,0.66,0.74,0.66,0.61,1.25,0.47,10.3,1.22,2.28,1.13,0.52,0.66,1.99,1.09,0.65,0.11,0.18,16.03,3.92,6.75,5.21,0.29,2.25,0.25,0.24,0.15,0.53,0.44,0,0.07,0.05,3.41,10.51,0.04,0.81,0,0,0.27,0.01,0.55,0.03,0.05,15.7
AF_Maupassant1_Tales.txt,EN_FIC,59804,59804,18.82,83.54,0,56.07,12.36,8.52,0.61,0.44,0.1,5.27,2.1,3.83,10.22,9.4,5.35,6.7,1.61,0.43,2.74,15.73,7.07,1,2.21,1.62,0.03,12.01,0.5,0.24,1,4.81,2.45,2.32,0.6,0.77,0.6,14.06,1.48,0.79,0.89,1.67,1.18,0.72,6.14,1.7,3.3,1.45,0.77,0.91,3.07,1.73,0.52,0.19,0.73,16.49,2.62,8.22,5.59,0.93,1.05,0.79,0.8,0.38,0.29,0.34,0.03,0.07,0.16,4.3,9.07,0.82,0.61,0.11,0.08,0.76,0.05,0.43,0.01,0,16.24
AF_Maupassant2_Tales.txt,EN_FIC,45248,45248,16.27,85.68,0,57.36,13.86,9.73,0.68,0.43,0.2,7.1,1.31,4.13,9.05,10.27,5.41,6.7,2.48,0.5,3.12,15.85,7.75,1.28,2.1,1.53,0.03,12.91,0.67,0.23,0.96,4.67,2.23,2.42,0.71,0.6,0.78,14.86,1.77,0.74,0.96,1.9,1.23,0.59,6.39,1.94,3.77,1.59,0.89,1.16,3.14,1.79,0.51,0.22,0.7,17.11,3.05,8.21,5.88,0.55,0.9,0.77,0.96,0.34,0.37,0.26,0.1,0.09,0.21,4.47,9.19,1.04,0.56,0.19,0.14,0.44,0.16,0.49,0.01,0,16.7
AF_Nibelungenlied_Epic.txt,EN_FIC,56218,56218,13.53,76.13,0,52.26,12.29,8.44,0.13,0.06,0.04,5.4,2.81,3.84,9.36,9.9,5.64,6.46,1.87,1.12,4.09,12.36,6.32,0.96,2.71,0.93,0.02,12.77,0.57,0.37,1.46,6.11,4.26,1.72,0.2,0.72,0.67,10.63,0.87,1.06,1.15,0.98,1.06,0.44,4.27,1.1,2.33,1.01,0.56,0.72,1.94,0.97,0.43,0.31,0.26,13.43,2.37,6.09,4.76,0.35,2.27,0.3,0.51,0.29,0.66,0.45,0.01,0.37,0.02,6.51,5.9,1.21,0.65,0.03,0.15,0.38,0.01,1.2,0.44,0,16.91
AF_Northern_Fairy.txt,EN_FIC,47117,47117,10.54,79.56,0,57.62,12.93,8.66,0.03,0.01,0.05,6.88,1.7,4.27,10.75,11.24,5.82,8.68,1.18,0.81,2.83,15.2,8.36,0.99,1.67,1,0.02,11.62,0.65,0.1,0.53,3.62,1.93,1.69,0.41,0.68,0.35,13.68,0.97,0.71,0.91,0.72,0.89,0.43,7.79,1.46,3.21,1.6,0.58,1.04,2.3,1.63,0.18,0.12,0.42,16.25,3.39,8.73,3.96,0.31,1.25,0.46,0.5,0.11,0.1,0.23,0.02,0.08,0.07,6.28,5.17,0.17,0.22,0.03,0.03,0.39,0.02,0.86,0.04,0,13.25
AF_Odyssey_Epic.txt,EN_FIC,38285,38285,14.3,82.14,0,59.13,14.57,10.91,0.49,0.09,0.54,6.98,2.81,3.66,8.41,10.25,5.37,7.22,1.89,0.66,3.75,16.15,10.07,0.72,2.37,0.98,0.01,14.14,0.73,0.11,0.73,3.35,1.93,1.42,0.17,0.62,0.47,13.73,0.59,1.1,0.62,0.92,1.07,0.55,7.63,1.47,2.66,0.97,0.68,0.95,2.8,1.72,0.23,0.09,0.84,16.51,3.3,8.11,4.74,0.39,0.85,0.78,1.14,0.15,0.37,0.41,0,0.06,0.1,3.01,7.9,0.19,0.78,0.06,0,0.59,0.11,0.49,0.16,0,13.45
AF_Ovid1_Epic.txt,EN_FIC,82867,82867,19.34,75.75,0,55.65,11.37,6.85,0.1,0.22,0.18,5.16,1.19,4.52,10.88,8.27,5.93,4.09,3,0.35,2.84,16.33,6.77,0.82,1.94,0.8,0.01,10.88,1.1,0.09,0.42,3.38,1.66,1.71,0.32,0.67,0.46,12.87,1.2,1.23,0.39,1.67,0.56,0.46,5.9,1.47,2.08,0.74,0.55,0.66,2.12,1.35,0.36,0.31,0.22,11.37,1.81,6.18,3.28,0.62,1.22,0.51,0.23,0.16,0.64,0.38,0.02,0.04,0.05,4.6,10.7,0.78,1.32,0.03,0.04,0.26,0,0.8,1.18,0.69,21.58
AF_Ovid2_Epic.txt,EN_FIC,84632,84632,19.93,75.71,0,55.7,11.78,6.69,0.08,0.14,0.14,5.21,1.12,5.09,10.95,8.47,6.1,4.45,2.76,0.37,2.49,16.74,6.2,0.7,1.72,0.8,0.02,11.04,1.17,0.12,0.45,3.5,1.74,1.74,0.25,0.76,0.47,12.2,1.15,1.28,0.44,1.6,0.51,0.44,5.45,1.32,1.7,0.48,0.59,0.51,1.78,1.03,0.39,0.25,0.2,11.18,1.92,5.95,3.25,0.64,1.39,0.52,0.22,0.22,0.67,0.63,0.01,0.04,0.04,4.76,10.49,0.83,1.21,0.02,0.03,0.26,0,0.65,1.02,0.7,20.98
AF_Perrault_Fairy.txt,EN_FIC,19648,19648,14.25,86.74,0,59.79,15.4,10.29,0.03,0.12,0.07,7.99,2.08,5.11,8.79,11.3,6.63,7.46,1.89,0.77,3.75,14.48,7.58,1.43,3.18,1.3,0.05,15.03,1.32,0.1,0.9,5.55,3.72,1.81,0.46,0.44,0.6,15.83,1.47,1.18,1.4,1.72,1.79,0.34,6.21,2.1,2.76,1.35,0.58,0.67,2.42,1.34,0.39,0.25,0.47,14.02,2.74,6.49,4.57,0.41,1.88,0.65,0.77,0.46,0.25,0.25,0.02,0.14,0.1,3.05,9.42,0.39,1.2,0.02,0.03,0.7,0,0.72,0.28,0.45,16.55
AF_Pickwick1_Tales.txt,EN_FIC,80757,80757,21.72,78.82,0,51.02,9.02,5.46,0.2,0.2,0.11,4.14,0.82,3.56,10.87,7.32,4.94,4.78,1.46,0.42,2.58,15.03,6.45,0.7,2.18,1.15,0.02,12.49,0.25,0.28,4.86,4.51,2.88,1.6,0.43,0.35,0.49,12.79,1.33,0.77,0.8,1.69,1,0.51,6.03,1.3,2.99,1.43,0.67,0.87,2.29,1.53,0.45,0.1,0.49,14.01,2.02,7.41,4.49,1,1.22,0.88,0.83,0.26,0.19,0.13,0.02,0.06,0.07,7.92,8.79,0.23,1.18,0.05,0.09,1.48,0.04,0.86,0.11,0.24,21.1
AF_Pickwick2_Tales.txt,EN_FIC,85748,85748,21.52,78.22,0,50.79,9.1,5.15,0.06,0.09,0.05,4.29,0.66,3.95,10,7.32,4.75,4.84,1.27,0.39,2.65,15.66,6.21,0.76,2.39,1.11,0.02,12.12,0.23,0.23,4.56,4.31,2.69,1.56,0.51,0.31,0.47,13.16,1.3,0.71,0.8,1.95,0.99,0.55,6.04,1.43,3.08,1.47,0.66,0.93,2.34,1.58,0.37,0.08,0.49,14.34,2.06,7.87,4.22,1.13,1.1,0.8,0.94,0.41,0.19,0.11,0.02,0.07,0.04,7.67,9.48,0.31,1.19,0.04,0.06,1.02,0.03,0.77,0.09,0.2,20.97
AF_Pinochio_Fairy.txt,EN_FIC,22009,22009,14.97,84.59,0,56.23,11.99,8.51,0.08,0,0.12,7.18,1.13,3.48,10.63,9.39,4.37,6.93,1.45,0.3,3.38,15.85,7.99,0.96,2.25,1.61,0.03,11.22,0.18,0.2,0.63,4.53,2.34,2.19,0.55,0.46,0.83,13.67,1.5,0.57,0.83,1.2,0.85,0.53,6.83,1.79,4.71,1.72,1.1,1.43,3.86,2.55,0.49,0.12,0.78,17.02,3.09,8.83,5.13,0.6,0.98,0.82,0.87,0.55,0.03,0.22,0.02,0.08,0.27,5.82,8.34,0.72,0.18,0.08,0.26,0.46,0.01,0.44,0.03,0.01,16.38
AF_Poe1_Tales.txt,EN_FIC,72002,72002,20.8,81.8,0,58.53,12.1,6.79,3.86,0.51,0.11,1.78,0.52,5.31,10.36,8.48,6.05,4.71,2.19,0.68,3.61,16.67,6.53,1.39,3.02,1.13,0.02,5.02,0.12,0.12,0.45,4.79,2.41,2.33,0.69,0.54,0.64,15.14,2.35,1.16,0.97,2.3,1.62,0.5,5,2.15,2.47,1.05,0.65,0.55,2.01,1.19,0.53,0.18,0.16,13.59,1.65,7.38,4.5,0.73,1.22,0.58,0.6,0.29,0.5,0.39,0.08,0.12,0.07,3.84,8.24,0.1,0.82,0.16,0.25,1.72,0.01,0.24,0.18,0.36,16.1
AF_Poe2_Tales.txt,EN_FIC,65861,65861,20.8,81.48,0,58.14,11.65,6.59,2.86,0.68,0.31,2.24,0.51,5.07,10.49,8.95,6.46,4.18,2.99,0.73,3.79,15.96,6.22,1.5,3.16,1.34,0.03,6.71,0.13,0.17,0.85,4.48,2.74,1.71,0.39,0.47,0.45,15.3,2.27,1.15,0.93,2.33,2.1,0.48,4.84,1.96,2.1,0.87,0.59,0.47,1.84,1.22,0.37,0.13,0.21,13.14,1.68,6.99,4.26,0.91,1.32,0.78,0.5,0.51,0.4,0.21,0.07,0.13,0.06,4.43,8.29,0.09,0.56,0.15,0.3,1.92,0.02,0.44,0.21,0.32,16.94
AF_RobinHood_Tales.txt,EN_FIC,58705,58705,11.56,79.14,0,55,11.18,7.72,0.13,0.03,0.07,5.91,1.58,3.47,9.84,8.37,4.07,6.29,1,0.58,4.04,15.43,9.23,0.84,2.41,1.34,0.03,10.36,0.11,0.16,0.82,3.71,2.68,1.02,0.19,0.36,0.34,12.83,0.67,0.65,0.54,0.79,1.23,0.48,7.16,1.37,4.21,1.82,1.16,1.06,2.87,2.13,0.3,0.18,0.4,17.76,3.04,9.22,5.6,0.3,0.92,0.77,0.28,0.56,0.3,0.07,0.02,0.1,0.15,3.63,8.89,0.08,0.6,0.02,0.03,0.25,0.04,0.68,0.01,0.01,14.25
AF_Russian_Fairy.txt,EN_FIC,45465,45465,13.1,80.82,0,55.23,10.77,7.8,0.01,0,0.02,6.2,1.57,2.97,11.02,7.85,3.51,6.39,0.76,0.25,3.12,16.74,8.91,0.88,1.63,1.23,0.01,11.01,0.52,0.14,0.73,4.77,3.38,1.37,0.25,0.46,0.34,12.68,0.87,0.61,0.56,0.75,0.8,0.55,7.37,1.48,3.86,2.03,0.82,0.92,2.88,1.87,0.22,0.16,0.71,17.12,3.11,8.35,5.58,0.53,1.44,0.73,0.76,0.37,0.48,0.12,0.01,0.12,0.12,3.13,6.37,0.26,0.45,0,0.01,0.72,0.03,0.22,0.01,0,11.2
AF_Screw_Tales.txt,EN_FIC,32956,32956,15.45,88.99,0,63.57,18.44,12.17,7.04,0.74,0.01,3.73,0.65,6.26,8.22,11.96,7.37,8.13,2.02,0.86,4.49,16.87,6.53,1.16,2.64,0.73,0.06,8.17,0.09,0.23,0.88,4.86,2.77,2.04,0.7,0.39,0.59,15.72,2.37,1.08,1.55,2.55,1.66,0.76,4.81,2.15,3.13,1.64,0.51,0.92,1.52,0.98,0.32,0.13,0.12,15.59,1.98,7.81,5.6,0.74,1.14,0.36,0.66,0.19,0.21,0.09,0.1,0.11,0.06,4.18,8.37,0.26,0.82,0.1,0.13,1.07,0.01,0.41,0.02,0.01,15.4
AF_Serapion_Tales.txt,EN_FIC,63113,63113,17.9,82.79,0,56.64,13.64,8.68,2.13,0.34,0.97,4.18,1.07,4.95,8.37,10,5.87,5.36,3.06,0.73,3.81,15.57,7.8,0.98,2.6,0.76,0.03,10.09,0.37,0.2,0.86,5.61,3.54,1.99,0.44,0.49,0.65,15.85,1.67,0.84,1.11,2.15,1.63,0.66,6.72,1.85,3.51,1.5,1.06,0.76,2.22,1.46,0.43,0.22,0.2,14.64,2.41,7.65,4.56,0.88,1.4,1.03,0.52,0.28,0.51,0.18,0.14,0.15,0.18,3.6,9.06,0.22,0.99,0.2,0.4,1.16,0.63,1.71,0.1,0.3,18.47
AF_Shakespeare_Tales.txt,EN_FIC,29716,29716,16.75,81.5,0,56.36,14.25,9.94,0.02,0.02,0.05,8.64,1.21,4.31,7.46,12.19,6.94,8.89,1.75,0.73,3.71,13.8,8.9,1.07,1.76,0.96,0.01,16.15,1.26,0.37,0.98,6.18,3.63,2.54,0.29,1.16,0.62,15.01,1.66,1.01,1.32,1.22,0.94,0.46,6.81,2,2.25,0.89,0.72,0.47,2.17,0.93,0.44,0.59,0.26,12.1,2.47,4.83,4.75,0.64,1.69,0.59,0.43,0.58,0.45,0.68,0.02,0.09,0.12,5.04,9.03,0.06,0.48,0.01,0.01,0.55,0.01,0.91,0.03,0.02,16.19
AF_Tolstoy_Tales.txt,EN_FIC,103630,103630,14.23,84.64,0,59.69,12.09,7.69,0.81,0.25,0.14,4.87,1.62,4.41,11.01,11.72,6.21,7.41,2.79,0.68,3.59,15.17,8.97,1.4,2.23,1.42,0.06,10.67,0.46,0.18,1.14,2.71,1.35,1.33,0.21,0.37,0.3,16.72,1.57,1.11,1.02,1.46,1.15,0.48,7.94,2.5,2.64,1.16,0.57,0.69,2.34,1.34,0.33,0.12,0.64,15.36,3.31,7.77,4.1,1.63,0.98,0.58,0.66,0.53,0.56,0.18,0.02,0.08,0.08,4.92,8.13,0.8,0.53,0.09,0.01,0.51,0,0.4,0.09,0.07,15.66
AF_Twain_Stories.txt,EN_FIC,26254,26254,13.78,88.09,0,62.1,15.53,10.02,1.42,2.28,0.19,4.88,1.25,5.52,7.15,13.14,7.7,8.86,2.41,0.77,4.16,13.58,11.29,1.81,2.39,1.01,0.05,12.17,0.47,0.16,0.74,5.66,2.93,2.68,0.65,0.58,0.72,21.61,2.03,1.05,1.67,2.13,1.42,0.53,10.64,2.95,3,1.41,0.75,0.66,1.93,1.09,0.39,0.11,0.38,13.67,2.41,6.31,4.74,0.56,0.79,0.64,0.34,0.5,1.12,0.35,0.04,0.09,0.15,3.92,7.17,0.36,1.27,0.04,0.07,0.9,0.02,0.66,0.01,0,14.45
"EN_1795_Lewis,Matthew_TheMonk_Novel.txt",EN_FIC,75943,75943,22.74,81.37,0,55.79,15.74,11.71,2.23,0.14,0.18,8.29,0.87,4.02,8.69,8.57,5.33,5.9,1.25,0.58,2.47,15.52,5.78,1.19,2.21,0.61,0.01,12.58,0.39,0.18,0.43,6.43,3.26,3.12,1.06,0.71,0.84,14.07,2.36,1.11,1.12,1.6,1.04,0.8,5.07,1.53,2.68,1.02,0.83,0.76,2.26,1.37,0.45,0.3,0.17,12.78,2,6.22,4.44,0.77,1.67,0.5,0.62,0.25,1.01,0.33,0.03,0.09,0.01,4.67,6.21,1,1.12,0.03,0.2,0.24,0,1.03,0.01,0.01,14.54
"EN_1800_Edgeworth,Maria_CastleRackrent_Novel.txt",EN_FIC,22877,22877,14.58,86.11,0,59.85,14.58,10.03,2.95,0.34,0.1,5.46,1.18,4.55,8.12,10.86,6.78,5.87,3.25,0.73,3.44,16.23,7.87,1.51,3.01,0.94,0.01,12.97,0.55,0.2,1.93,4.32,2.92,1.37,0.21,0.33,0.42,15.77,1.53,1.02,1.24,2.18,1.98,0.4,5.82,2.45,2.52,0.86,1.28,0.35,1.76,0.76,0.39,0.08,0.54,13.74,1.99,6.5,5.02,1.06,1.47,0.88,1.23,1.33,0.4,0.37,0.04,0.18,0.1,2.79,8.47,0.19,1.39,0.07,0.15,0.63,0,1.76,0.17,0,15.8
"EN_1804_Opie,Amelia_AdelineMowbray_Novel.txt",EN_FIC,65590,65590,23.77,83.11,0,55.95,14.05,9.91,0.09,0.04,0.03,9.09,0.66,4.14,7.18,9.4,5.94,6.1,1.6,0.59,3.24,16.44,7.99,1.23,1.99,0.6,0.01,15.22,0.72,0.25,1.84,7.05,4.03,2.87,0.83,0.58,0.97,15.53,2.47,1.04,1.42,1.56,1.11,0.61,5.66,2.05,2.54,1,0.67,0.82,2.39,1.07,0.87,0.29,0.16,12.46,1.87,5.71,4.76,0.95,1.51,0.43,0.71,0.4,0.29,0.25,0.01,0.1,0.06,2.56,9.12,0.77,1.69,0.03,0.07,0.37,0,1.05,0.04,0,15.75
"EN_1806_Edgeworth,Maria_Leonora_Novel.txt",EN_FIC,64259,64259,18.75,84.94,0,59.24,17.9,12.89,5.98,0.39,2.23,3.6,0.7,5.01,5.46,12.67,9.02,2.77,6.55,1.9,3.33,14.14,6.24,2.16,2.76,0.55,0,12.42,0.61,0.4,1.35,8.48,5.71,2.74,0.58,0.92,0.58,17.4,2.69,1.38,2.1,2.67,2.28,0.66,3.89,3.13,1.81,0.69,0.49,0.49,2.17,0.69,0.62,0.74,0.13,9.23,1.19,4.14,3.83,0.74,1.56,0.43,0.21,0.27,0.57,0.17,0.08,0.14,0.06,4.16,7.01,0.38,1.05,0.34,0.55,0.22,0,0.36,0.01,0.15,14.25
"EN_1811_Austen,Jane_SenseandSensibility_Novel.txt",EN_FIC,65819,65819,21.74,85.42,0,59.36,13.7,9.19,0,0,0,7.55,1.64,4.5,6.46,10.78,7.04,6.61,1.74,0.81,3.95,17.53,7.03,1.79,3.83,0.96,0,14.58,1.03,0.24,1.5,6.53,4.35,2.11,0.59,0.37,0.74,16.77,2.42,1.15,1.94,2.38,1.88,0.58,4.89,2.3,2.11,0.81,0.69,0.59,1.17,0.51,0.39,0.09,0.18,13.3,1.86,6.28,5.03,0.73,1.62,0.49,0.71,0.35,0.22,0.07,0.01,0.11,0.03,3.71,8.7,0.06,1.45,0.02,0.05,0.29,0.01,0.82,0.01,0,15.14
"EN_1817_Scott,Walter_RobRoy_Novel.txt",EN_FIC,90755,90755,22.37,80.81,0,56.82,13.76,8.96,3.84,0.61,0.11,3.61,0.79,4.8,8.94,8.22,5.28,5.09,1.7,0.6,3,17.17,6.85,1.02,2.62,0.78,0.01,8.92,0.44,0.23,0.78,5.54,3.08,2.39,0.66,0.62,0.67,15.05,2.23,1.12,1.13,2.57,1.05,0.7,5.39,1.9,2.13,0.79,0.62,0.62,1.62,1,0.34,0.11,0.2,12.32,1.73,6.76,3.7,1.1,1.56,0.67,0.54,0.47,0.33,0.18,0.02,0.14,0.07,2.99,9.75,0.04,0.83,0.04,0.01,0.53,0.01,0.53,0.09,0.06,14.96
"EN_1818_Shelley,Mary_Frankenstein_Novel.txt",EN_FIC,45047,45047,20.71,83.93,0,58.78,16.13,11.58,7.41,0.52,0.33,2.72,0.61,4.55,8.36,9.75,6.65,5.75,2.16,0.99,3.07,15.14,7.44,1.06,2.35,0.73,0.01,7.24,0.46,0.32,0.53,6.55,3.51,3.02,0.86,0.8,1.05,16.05,2.44,1.08,1.47,2.23,1.21,0.59,5.69,2.07,2.32,0.96,0.51,0.71,1.85,0.98,0.58,0.16,0.15,12.84,2.01,5.71,5.11,1.07,1.68,0.45,0.38,0.36,0.46,0.5,0.03,0.06,0.07,3.88,7.59,0.27,1.7,0.18,0.16,0.24,0.04,0.18,0.03,0.01,14.31
"EN_1820_Scott,Walter_Ivanhoe_Novel.txt",EN_FIC,86308,86308,21.59,76.4,0,54.17,10.4,6.12,0.08,0.12,0.06,4.61,1.25,4.29,11.4,7.06,4.81,4.82,1.09,0.45,2.57,16.71,6.31,0.8,2.42,0.84,0.02,9,0.18,0.2,0.43,5.33,3.06,2.22,0.53,0.77,0.53,12.59,1.32,0.98,0.82,1.84,0.73,0.81,5.27,1.55,2.21,0.94,0.6,0.63,1.71,1.07,0.35,0.13,0.19,12.13,1.88,6.61,3.56,0.81,1.78,0.57,0.41,0.41,0.7,0.2,0.01,0.13,0.06,2.79,10.52,0.05,1.18,0.03,0.05,0.73,0.01,0.5,0.03,0,15.92
"EN_1821_Galt,John_AnnalsoftheParish_Novel.txt",EN_FIC,60970,60970,15.83,84.32,0,60.83,13.18,7.98,2.93,0.7,0,3.3,1.05,5.2,10.58,11.1,7.28,7.43,1.99,0.62,3.15,17.28,7.59,1.21,2.49,0.74,0.03,9.09,0.6,0.14,1.32,4.23,2.63,1.57,0.27,0.41,0.54,13.97,1.17,0.99,1.01,1.24,1.17,0.35,6.29,1.95,1.78,0.7,0.55,0.41,1.48,0.8,0.34,0.08,0.28,14.02,2.18,6.86,4.82,1.23,1.1,0.57,0.58,0.76,1,0.32,0.02,0.17,0.17,2.05,9.62,0.06,1.36,0.01,0.05,0.68,0,0.44,0.02,0.01,14.31
"EN_1822_Hogg,James_ThreePerilsofMan_Novel.txt",EN_FIC,130205,130205,15.9,81.4,0,58.74,13.2,8.8,1.18,0.28,0.13,5.25,1.95,4.41,9.77,9.06,5.57,6.16,1.36,0.62,3.15,16,8.09,1.29,2.98,1.3,0.04,10.57,0.22,0.19,0.72,4.58,2.6,1.95,0.45,0.69,0.44,15.15,1.26,0.81,1.06,1.77,1.49,0.62,6.62,2.13,2.7,1.2,0.69,0.7,2.34,1.64,0.35,0.17,0.3,13.96,2.27,7.26,4.39,0.52,1.53,0.5,0.46,0.26,0.51,0.22,0.03,0.13,0.14,3.24,8.57,0.27,1.39,0.07,0.12,0.36,0.02,0.75,0.29,0.03,15.41
"EN_1826_Cooper,JameFenimore_TheLastoftheMohicans_Novel.txt",EN_FIC,97234,97234,22.57,79.63,0,55.19,10.19,6.16,0,0.04,0,4.5,1.62,4.03,12.58,6.96,4.5,5.3,0.83,0.37,3.19,16.9,6.49,0.8,2.45,0.66,0.02,9.39,0.2,0.25,0.62,5.67,2.65,2.97,0.76,0.97,0.78,12.7,1.77,1,0.68,1.87,0.85,0.86,5.02,1.39,3.08,1.16,1.04,0.68,2.05,1.52,0.32,0.11,0.16,13.93,2.14,6.99,4.84,0.84,1.53,0.58,0.16,0.18,0.26,0.26,0.01,0.07,0.13,3.24,8.93,0.16,0.93,0,0,0.22,0,0.1,0,0.04,13.63
"EN_1836_Child,Lydia_Philothea_Novel.txt",EN_FIC,35377,35377,24.45,77.02,0,50.74,9.66,6.54,0.14,0.03,0.11,5.37,0.89,3.12,10.32,7.6,4.53,5.7,0.94,0.4,2.11,16.55,6.4,0.62,1.9,0.65,0.01,10.31,0.47,0.44,0.71,6.2,4.21,1.91,0.59,0.36,0.6,12.88,1.63,0.84,0.71,1.44,1,0.68,5.84,1.24,3.35,1.35,1.04,0.72,2.19,1.38,0.41,0.19,0.23,12.86,2.3,5.97,4.67,0.68,1.26,0.96,0.93,0.38,0.89,0.34,0.01,0.08,0.11,4.61,9.08,0.47,1.83,0.01,0.06,0.27,0.06,0.46,0.01,0.01,16.88
"EN_1837_Disraeli,Benjamin_Venetia_Novel.txt",EN_FIC,101944,101944,23.96,81.29,0,55.62,13.13,8.76,0.08,0.15,0.05,7.35,1.12,4.37,8.85,8.7,6.16,6.18,1.05,0.69,3.57,14.56,6.96,1.34,2.35,0.67,0,13.59,0.94,0.31,1.46,6.22,3.92,2.19,0.57,0.51,0.73,15.24,1.72,0.93,1.26,2.09,1.53,0.61,5.91,1.94,2.4,0.98,0.59,0.64,2.02,0.93,0.72,0.23,0.15,12.58,1.76,5.74,5.09,1.08,1.34,0.69,0.62,0.2,0.85,0.19,0.03,0.07,0.06,4.23,8.97,0.1,1.56,0.13,0.17,0.31,0,0.54,0.01,0,16.03
"EN_1838_Martineau,Harriet_Deerbrook_Novel.txt",EN_FIC,116829,116829,16.99,85.61,0,58.21,12.76,7.71,0,0.02,0,6.38,1.3,5.05,7.97,13.13,8.53,7.78,2.67,1.17,3.71,15.77,6.92,1.59,2.76,0.86,0.01,13.13,0.83,0.25,2.09,5.96,3.79,2.1,0.57,0.34,0.76,16.3,1.99,0.96,2.5,2.88,1.56,0.6,4.93,2.43,2.95,1.59,0.68,0.62,1.86,0.88,0.54,0.15,0.3,13.96,2.15,6.5,5.14,0.83,1.05,0.71,0.96,0.41,0.36,0.2,0.03,0.1,0.07,4.27,6.68,0.36,1.05,0.09,0.08,0.51,0,0.89,0.02,0,13.98
"EN_1838_Poe,EdgarAllen_TheNarrativeofArthurGordonPym_Novel.txt",EN_FIC,91465,91465,20.04,82.09,0,59.57,11.96,7.56,2.81,1.7,0,2.36,0.68,4.4,9.82,9.14,6.34,5.43,1.67,0.68,3.76,17.96,6.38,1.28,3.18,1.46,0.02,6.88,0.1,0.22,0.4,4.48,2.43,2.02,0.55,0.53,0.53,15.94,2.03,1.12,1.19,2.46,1.54,0.67,5.93,1.85,2.08,0.84,0.43,0.64,2.08,1.23,0.36,0.11,0.46,15.04,1.86,8.21,4.8,0.62,1.41,0.47,0.28,0.23,0.22,0.23,0.04,0.1,0.06,3.48,8.3,0.04,0.46,0.05,0.07,0.56,0.01,0.2,0.13,0,13.45
"EN_1844_Yonge,Charlotte_Abbeychurch_Novel.txt",EN_FIC,25418,25418,20.45,77.69,0,51.59,10.57,6.72,0.13,0.07,0.07,5.45,0.99,3.85,7.12,9.69,6.15,6.86,1.54,0.43,3.59,15.27,6.84,1.13,2.6,0.75,0.06,12.5,0.9,0.07,2.45,4.93,3.11,1.77,0.41,0.4,0.53,13.83,1.82,0.81,1.17,1.88,0.96,0.53,5.32,1.9,2.69,1.26,0.73,0.69,1.56,0.86,0.32,0.11,0.3,13.75,2.05,7.05,4.43,0.94,1.13,0.69,0.92,0.34,0.4,0.11,0.03,0.15,0.06,5.39,10.41,0.06,3.11,0.04,0.04,0.9,0,1.89,0,0,21.85
"EN_1847_Bronte,Emily_WutheringHeights_Novel.txt",EN_FIC,113267,113267,16.35,83.03,0,57.56,17.7,13.99,5.01,0.54,1.92,5.93,0.59,3.71,6.27,11.17,6.9,4.39,4.27,1.34,3.4,13.44,7.79,1.67,1.93,0.89,0.07,12.52,0.46,0.17,0.86,5.57,2.81,2.73,0.6,0.79,0.79,15.87,1.73,1.09,1.87,2.06,1.21,0.7,6.04,2.42,2.63,1.09,0.66,0.77,2.16,1.18,0.45,0.2,0.35,13.3,2.35,6.18,4.62,0.83,1.35,0.53,0.9,0.29,0.41,0.31,0.19,0.13,0.08,4.33,7.98,0.99,1.6,0.63,0.99,0.49,0,3.81,0.03,0.03,20.9
"EN_1847_Thackeray,William_VanityFair_Novel.txt",EN_FIC,247616,247616,18.15,81.32,0,54.37,11.84,7.65,0.33,0.27,0.18,6.05,0.82,4.18,8.74,9.87,6.01,5.9,2.48,0.75,3.2,15.32,7.54,1.01,2.32,0.93,0.02,13.19,0.89,0.34,1.96,6.06,3.96,2.06,0.41,0.48,0.82,14.41,1.31,0.89,1.05,1.86,1.3,0.42,6.59,1.62,2.25,1.11,0.49,0.58,1.98,0.93,0.46,0.19,0.47,13.69,2.08,7.04,4.43,1.1,1.07,1.03,0.95,0.77,0.45,0.19,0.04,0.08,0.06,4,7.19,0.2,0.82,0.15,0.11,0.77,0,1.09,0.17,0.02,14.71
"EN_1848_Gaskell,Elizabeth_MaryBarton_Novel.txt",EN_FIC,100069,100069,16.29,84.8,0,56.71,12.77,8.83,0.14,0.07,0.12,7.51,0.98,3.95,7.57,11.04,6.67,6.98,2.07,0.95,3.74,15.85,7.67,1.27,2.76,0.93,0.01,12.96,0.62,0.21,1.01,5.71,2.96,2.69,0.8,0.47,0.99,16.45,2.35,0.98,1.72,2.47,1.41,0.67,5.61,2.39,3.34,1.31,0.96,0.95,2.55,1.37,0.59,0.28,0.34,14.72,2.21,7.07,5.26,1.27,1.34,0.38,0.78,0.49,0.32,0.41,0.07,0.09,0.11,4.35,7.95,0.07,1.32,0.14,0.22,0.72,0.02,0.89,0.21,0.05,16.14
"EN_1849_Kingsley,Charles_AltonLocke_Novel.txt",EN_FIC,102368,102368,17.14,84.18,0,58.15,13.85,9.39,4.84,0.53,0.29,2.29,1.44,4.46,7.75,9.93,6.14,5.24,2.91,0.91,3.48,15.69,8.28,1.41,2.88,1.11,0.03,8.24,0.33,0.1,1,5.52,3.1,2.38,0.5,0.68,0.64,16.83,2.09,1,1.32,2.36,1.67,0.59,6.35,2.58,2.63,1.21,0.63,0.61,2.12,1.17,0.5,0.16,0.34,13.24,1.71,6.82,4.65,1.68,1.38,0.71,0.53,0.79,0.98,0.19,0.06,0.12,0.14,3.02,9.4,0.14,1.2,0.35,0.35,0.84,0.04,0.58,0.08,0.31,16.38
"EN_1850_Yonge,Charlotte_Henrietta'sWish_Novel.txt",EN_FIC,52560,52560,19.25,84.45,0,57.08,12.69,8.54,0,0.03,0,7.6,0.91,4.15,7.06,10.61,6.73,7.1,1.59,0.83,3.98,16.02,8.2,1.37,2.99,0.87,0.02,13.85,1.86,0.09,0.93,5.82,3.56,2.17,0.64,0.4,0.72,16.46,1.97,1.01,1.61,2.31,1.41,0.56,5.99,2.53,2.94,1.29,0.79,0.82,1.79,1.08,0.39,0.13,0.23,14.43,2.23,6.93,5.12,0.88,1.43,0.65,0.77,0.25,0.38,0.17,0.01,0.17,0.07,3.67,9.23,0.14,1.11,0.06,0.07,0.49,0,0.67,0.01,0.01,15.46
"EN_1851_Melville,Hermann_MobyDick_Novel.txt",EN_FIC,169974,169974,18.76,76.18,0,54.72,10.53,5.58,1.11,0.35,0.5,2.74,0.88,4.95,9.64,7.73,5.32,3.31,2.83,0.8,3.99,15.25,7.11,1.1,3.1,1.29,0.09,6.5,0.08,0.12,0.51,3.55,1.99,1.53,0.3,0.45,0.41,13.89,1.42,0.88,0.89,2.52,1.7,0.44,4.91,2.18,2.63,1.27,0.44,0.8,2.41,1.63,0.35,0.16,0.36,14.32,1.58,7.73,5.08,0.62,0.97,0.5,0.28,0.33,0.45,0.3,0.08,0.08,0.26,3.29,8.23,0.09,1.76,0.18,0.29,1.13,0.02,0.79,0.09,0.02,15.97
"EN_1852_Collins,Wilkie_Basil_Novel.txt",EN_FIC,76782,76782,17.99,86.31,0,58.9,16.15,11.65,6.33,0.48,0.15,4.08,0.61,4.5,7.82,10.06,5.88,6.4,2.17,0.69,3.98,16.44,6.69,1.23,2.52,0.92,0.01,9.4,0.68,0.13,0.85,4.94,2.55,2.34,0.74,0.42,0.72,14.98,2.18,1.12,1.21,2.17,1.5,0.76,4.79,1.91,3.42,1.55,0.92,0.9,2.22,1.24,0.61,0.19,0.19,16.97,2.2,7.89,6.8,0.98,1.4,0.61,0.98,0.28,0.28,0.24,0.04,0.07,0.08,4,7.35,0.24,1.31,0.25,0.26,0.58,0.01,0.48,0.08,0.01,14.64
"EN_1853_Kingsley,Charles_Hypatia_Novel.txt",EN_FIC,74070,74070,18.67,81.03,0,55.45,11.45,7.55,0.16,0.07,0.1,5.99,1.24,3.9,9.03,8.21,4.85,5.34,1.4,0.69,2.84,16.32,8.21,1.13,2.57,1.09,0.03,10.57,0.21,0.13,0.88,5.59,2.94,2.61,0.63,0.76,0.74,15.68,1.74,0.82,1.18,1.99,1.28,0.58,6.92,2.08,3,1.33,0.77,0.79,2.6,1.82,0.38,0.18,0.26,14.31,2.01,7.54,4.79,0.72,1.18,0.53,0.52,0.33,1.24,0.25,0.05,0.1,0.13,3.62,9.46,0.18,1.02,0.57,0.33,0.75,0.01,1.24,0.01,0,17.2
"EN_1853_Stowe,HarrietBeecher_UncleTom'sCabin_Novel.txt",EN_FIC,97317,97317,18.15,80.84,0,53.49,11.04,7.12,0.02,0.21,0.15,5.92,0.82,3.92,8.89,8.82,5.04,5.64,2.05,0.51,2.9,16.06,7.49,0.78,2.53,0.87,0.02,11.28,0.57,0.13,1.4,5.52,3.05,2.43,0.54,0.44,1.04,14.89,1.45,0.73,0.84,2.03,1.34,0.61,7.13,1.43,3.56,1.51,0.76,1.17,2.9,2.01,0.48,0.13,0.32,14.62,2.14,7.93,4.44,0.97,1.14,0.7,0.83,0.51,0.73,0.24,0.03,0.09,0.14,4.63,11.6,0.05,1.43,0.12,0.12,0.72,0.03,0.56,0.02,0.05,19.35
"EN_1854_Gaskell,Elizabeth_NorthandSouth_Novel.txt",EN_FIC,104445,104445,16.48,84.48,0,56.53,13.88,9.73,0.64,0.13,0.07,7.86,1.03,4.15,6.62,11.49,6.77,7.28,2.3,0.87,3.67,15.78,7.48,1.33,2.67,0.91,0.01,14.11,0.83,0.16,1.58,5.47,3,2.41,0.68,0.43,0.78,16.39,2.23,1.01,1.87,2.48,1.47,0.63,5.44,2.69,3.41,1.43,0.95,0.92,2.34,1.26,0.64,0.16,0.29,14.74,2.36,7.35,4.94,1,1.24,0.46,0.84,0.39,0.21,0.2,0.07,0.13,0.12,5.28,7.16,0.18,1.29,0.13,0.15,0.74,0.03,2.73,0.05,0,17.81
"EN_1856_Craik,Dinah_JohnHalifax_Novel.txt",EN_FIC,120861,120861,15.44,84.19,0,55.4,14,9.47,2.31,1.09,0.03,5.43,0.6,4.52,7.21,10.39,5.7,7.12,1.82,0.64,4.19,14.29,7.12,1.45,2.91,1.27,0.02,12.13,1.03,0.17,1.47,5.76,3.6,2.12,0.53,0.37,0.78,15.84,1.76,0.93,1.27,2.54,1.8,0.66,5.63,2.39,3.75,1.8,0.87,0.99,2.47,1.39,0.62,0.24,0.24,15.7,2.23,7.34,6.08,0.67,1.05,0.59,0.97,0.41,0.44,0.3,0.03,0.11,0.14,4.75,8.16,0.15,1,0.07,0.18,0.95,0.01,0.75,0.02,0,16.07
"EN_1857_Trollope,Anthony_BarchesterTowers_Novel.txt",EN_FIC,138058,138058,17.77,85.3,0,59.28,13.56,8.7,0.13,0.2,0.11,7.48,0.79,4.86,7.89,12.48,8.81,7.06,2.62,1.32,4.17,15.28,7.31,1.9,2.52,0.82,0.01,14.32,0.7,0.22,2.53,5.57,3.67,1.85,0.32,0.52,0.6,16.21,1.92,1.16,1.91,2.27,1.57,0.52,4.88,2.68,2.08,0.79,0.54,0.68,1.91,0.89,0.61,0.18,0.27,12.01,1.65,6.19,3.98,1.12,1.55,0.54,0.75,0.38,0.95,0.12,0.05,0.14,0.06,4.2,6.38,0.06,0.95,0.16,0.1,0.48,0.02,1.19,0.01,0.01,13.58
"EN_1860_Collins,Wilkie_TheWomaninWhite_Novel.txt",EN_FIC,172658,172658,18.08,85.58,0,58.38,15.2,10.87,5.01,0.65,0.08,4.61,0.53,4.33,8.66,10.35,6.24,6.28,2.56,0.67,3.09,16.78,5.89,1.13,2.39,1.17,0,10.52,0.44,0.17,1.49,4.85,2.49,2.3,0.7,0.38,0.8,14.64,2.17,1.03,1.19,2.09,1.4,0.77,4.96,1.66,2.85,1.26,0.7,0.8,1.87,1.13,0.52,0.07,0.19,15.97,2.21,8,5.57,1.02,1.38,0.46,0.96,0.3,0.24,0.23,0.05,0.07,0.06,4.78,6.33,0.02,0.16,0.15,0.13,0.53,0,0.75,0.15,0,13.16
"EN_1860_Eliot,George_TheMillontheFloss_Novel.txt",EN_FIC,135090,135090,17.78,83.26,0,55.83,12.32,7.4,0.07,0.16,0.11,6.29,0.77,4.92,7.79,11.08,7.21,6.85,2.3,0.94,3.49,16.12,6.56,1.38,2.39,0.81,0.03,12,0.82,0.17,1.68,5.63,3.16,2.42,0.63,0.55,0.72,16.25,2.32,1.05,1.75,2.46,1.41,0.55,5.44,2.4,3.2,1.44,0.64,0.98,2.24,1.24,0.54,0.2,0.3,14.22,2.14,7.11,4.92,0.97,1.26,0.6,0.65,0.54,0.32,0.13,0.02,0.11,0.14,4.1,7.44,0.06,1.22,0.1,0.06,0.91,0.01,0.9,0.02,0.01,14.84
"EN_1861_Dickens,Charles_GreatExpectations_Novel.txt",EN_FIC,128520,128520,15.97,85.54,0,60.39,15.83,11,5.43,0.81,0.02,4.21,0.53,4.83,7.68,11.54,6.78,7.83,1.97,0.75,3.7,16.56,8.22,1.17,2.27,0.89,0.02,8.57,0.23,0.1,1.03,4.1,2.2,1.88,0.54,0.34,0.66,16.67,2.04,0.95,1.54,2.26,1.26,0.64,7.09,2.1,3.39,1.66,0.51,1.15,2.46,1.6,0.36,0.08,0.48,16.48,2.42,8.45,5.44,0.69,0.97,0.66,0.9,0.37,0.21,0.17,0.02,0.07,0.14,4.14,8.61,0.07,0.71,0.07,0.05,0.65,0.02,0.56,0.14,0,15.16
"EN_1864_Braddon,Mary_HenryDunbar_Novel.txt",EN_FIC,89038,89038,17.77,81.51,0,54.3,10.93,6.9,0.4,0.08,0.31,5.69,0.42,4.03,10.44,9.78,5.95,7.02,1.71,0.51,3.13,15.49,6.25,0.89,1.96,1.25,0.02,11.21,0.45,0.22,2.03,4.82,2.79,1.99,0.55,0.41,0.68,12.67,1.5,0.68,0.92,1.86,1.01,0.54,5.26,1.7,3.24,1.64,0.64,0.81,2.4,1.48,0.39,0.24,0.36,14.8,2.09,7.82,4.78,0.96,1.07,0.66,1.06,0.75,0.28,0.45,0.04,0.09,0.1,4.86,6.2,0.22,1.26,0.13,0.05,1.62,0.07,1.18,0,0.02,15.62
"EN_1869_Alcott,Louisa_LittleWomen_Novel.txt",EN_FIC,115758,115758,15.94,83.03,0,53.48,12,8.16,0.65,0.18,0.11,6.3,0.92,3.85,8.03,9.85,5.02,6.46,2.13,0.55,3.32,14.99,8.59,1.06,2.28,1.04,0.04,12.16,0.67,0.22,1.29,7.22,5.06,2.12,0.51,0.41,0.78,15.88,1.86,0.91,1.3,2.04,1.2,0.66,6.82,2.14,3.76,1.67,0.71,1.16,2.75,1.65,0.49,0.28,0.37,14.43,2.27,6.81,5.25,1.06,1.37,0.9,0.85,0.39,0.44,0.15,0.04,0.18,0.16,4.38,9.7,0.01,0.02,0.03,0.04,0.32,0,1.39,0.02,0.01,15.95
"EN_1869_Trollope,Anthony_PhineasFinn_Novel.txt",EN_FIC,162018,162018,16.74,86.56,0,61.34,14.63,9.18,0.36,0.11,0.16,7.99,0.56,5.45,6.95,14.22,10.13,8.36,2.54,1.71,4.38,15.73,7.34,1.76,2.3,1.07,0.01,14.85,0.61,0.31,2.34,4.92,3.15,1.73,0.3,0.49,0.57,16.72,2.18,1.19,2.22,2.59,1.47,0.53,4.6,2.73,1.86,0.64,0.59,0.59,1.42,0.68,0.34,0.21,0.21,12.87,1.84,6.24,4.6,1.36,1.37,0.45,0.65,0.44,0.83,0.09,0.02,0.12,0.04,5.52,6.44,0.02,0.56,0.16,0.09,0.33,0,0.57,0,0,13.7
"EN_1874_Hardy,Thomas_FarFromtheMaddingCrowd_Novel.txt",EN_FIC,82190,82190,19.43,80.15,0,54.99,10.26,6.12,0.17,0.06,0.11,5.04,0.74,4.14,10.49,9.42,6.12,6.38,1.57,0.5,3.31,16.46,6.12,1.08,2.32,1.12,0.01,8.63,0.16,0.11,0.9,4.3,2.45,1.77,0.47,0.3,0.61,13.45,1.72,0.83,0.95,1.99,1.13,0.62,5.25,1.62,3.15,1.44,0.7,0.89,2.17,1.42,0.38,0.18,0.23,15.89,2.37,8.47,5.01,0.64,1.05,1.13,1.24,0.36,0.29,0.21,0.04,0.08,0.15,4.85,6.85,0.17,0.45,0.07,0.05,1.35,0.18,0.8,0.03,0.01,14.86
"EN_1876_Twain,Mark_TheAdventuresofTomSawyer_Novel.txt",EN_FIC,47959,47959,16.06,81.66,0,55.47,10.98,6.96,0.04,0.01,0.01,5.42,1.48,4.01,9.52,10.16,5.88,7.38,1.36,0.64,3.67,14.69,8.48,1.14,2.21,1.13,0.02,9.67,0.24,0.1,1.04,4.93,2.44,2.42,0.64,0.53,0.9,15.96,1.63,0.79,1.21,1.75,1.13,0.7,7.49,1.91,2.82,1.15,0.71,0.81,2.62,1.71,0.47,0.08,0.4,16.4,2.57,7.78,5.92,0.93,1.1,0.57,0.56,0.35,0.4,0.39,0.01,0.09,0.1,4.64,5.76,0.5,1.07,0.06,0.13,1.02,0.01,0.73,0.21,0,14.32
"EN_1881_James,Henry_PortraitofaLady_Novel.txt",EN_FIC,138143,138143,18.34,84.49,0,58.45,15.57,10.05,0.09,0.11,0.07,9.13,0.66,5.52,7.74,12.51,7.95,8.74,1.92,0.99,3.77,15.34,5.9,1.5,2.2,0.82,0.01,14.3,0.56,0.32,1.29,5.59,3.69,1.81,0.4,0.36,0.66,14.93,2.45,1.03,1.75,2.48,1.48,0.53,4.1,2.41,2.97,1.33,0.53,0.96,1.47,0.79,0.38,0.14,0.17,13.33,1.95,6.38,4.93,0.69,1.19,0.6,0.56,0.38,0.42,0.1,0.03,0.1,0.09,5.1,5.51,0.15,1.5,0.07,0.02,0.39,0.01,0.71,0.05,0,13.56
"EN_1882_Stevenson,RobertLouis_TreasureIsland_Novel.txt",EN_FIC,47665,47665,13.32,84.19,0,59.43,12.39,8.86,3.58,1.16,0.11,3.24,0.77,3.53,10.65,9.97,6.23,7.21,1.46,0.6,3.68,15.75,7.99,1.03,2.67,1.52,0.04,8.11,0.12,0.19,0.59,3.98,2.11,1.86,0.48,0.52,0.48,15.46,1.16,0.68,1.13,1.84,1.36,0.63,7.42,1.86,3.58,1.48,0.96,1.13,3.02,1.78,0.73,0.06,0.51,16.7,2.42,8.73,5.53,0.77,0.76,0.68,0.44,0.29,0.17,0.24,0.02,0.08,0.21,4.49,7.88,0.09,0.86,0.02,0.04,0.67,0.01,0.38,0.01,0.01,14.46
"EN_1884_Lyall,Edna_WeTwo_Novel.txt",EN_FIC,112264,112264,18.15,85.04,0,56.55,12.39,8.28,0.04,0.09,0.05,7.25,0.85,4.11,8.52,10.99,6.85,7.63,1.76,0.71,4.06,15.32,6.51,1.14,2.79,1.14,0.01,12.47,0.57,0.18,1.01,6.52,3.67,2.79,0.66,0.72,0.77,15.78,2.14,0.93,1.42,2.31,1.8,0.57,5.18,2.17,3.48,1.64,0.78,0.92,2.27,1.17,0.73,0.23,0.15,14.66,2,7.21,5.34,1.13,1.31,0.61,0.69,0.26,0.51,0.25,0.06,0.12,0.1,4.83,7.17,0.08,0.79,0.16,0.11,0.6,0.01,0.65,0.01,0.01,14.42
"EN_1885_Barr,Amelia_JanVeeder'sWife_Novel.txt",EN_FIC,41167,41167,15.66,84.23,0,56.81,13.55,9.6,0.03,0.07,0.02,8.66,0.81,3.95,7.35,11.95,7.29,8.59,1.84,0.68,3.58,14.03,8.25,1.39,2.71,1.03,0.01,13.41,0.57,0.14,0.83,6.35,3.73,2.56,0.5,0.66,0.88,16.3,1.76,0.92,1.49,2,1.59,0.61,6.54,2.09,3.01,1.24,0.7,0.91,2.62,1.27,0.68,0.34,0.36,14.23,2.32,6.56,5.23,0.78,1.17,0.45,0.86,0.56,0.56,0.22,0.05,0.08,0.1,5.19,7.05,0.14,0.67,0.09,0.08,0.38,0,1.11,0,0,14.72
"EN_1887_Bellamy,Edward_LookingBackward_Novel.txt",EN_FIC,25564,25564,19.46,85.37,0,58.88,13.32,7.73,4.79,0.37,0.06,1.5,1.01,5.59,9.41,10.48,7.31,6.79,1.93,0.85,3.28,16.57,6.31,1.39,2.67,1.29,0.02,6.56,0.28,0.21,1.04,4.93,2.97,1.89,0.47,0.38,0.65,14.74,2.22,1.22,1.36,2.44,1.62,0.45,4.37,2.06,2.04,0.89,0.47,0.47,2.4,0.93,1.13,0.17,0.2,13.49,1.57,6.72,4.98,2.07,1.64,0.8,0.69,0.75,0.37,0.13,0.03,0.14,0.1,5.07,7.95,0.05,0.23,0.14,0.06,0.38,0.11,0.36,0.57,0,15.47
"EN_1889_Doyle,ArthurConan_TheMysteryoftheCloomber_Novel.txt",EN_FIC,30773,30773,17.2,81.78,0,58.06,14.13,9.13,3.89,1.44,0.1,2.86,0.84,4.99,9.54,9.73,6.67,5.61,2.28,0.83,3.23,15.81,6.83,0.95,2.49,0.9,0.02,8.21,0.47,0.26,0.48,3.98,2.13,1.81,0.53,0.42,0.44,14.91,1.6,0.9,1.35,2.28,1.2,0.62,5.85,1.75,3.11,1.39,0.73,0.88,1.96,1.31,0.4,0.07,0.24,14.24,2.04,7.7,4.27,0.76,1.02,0.45,0.71,0.32,0.23,0.16,0.03,0.09,0.11,4.24,6.7,0.04,0.05,0.07,0.08,0.64,0.03,1.35,0.02,0,13.23
"EN_1890_Chopin,Kate_AtFault_Novel.txt",EN_FIC,40206,40206,19.84,81.06,0,55,12.94,8.2,0.03,0.06,0.02,7.32,0.76,4.74,8.51,9.5,5.93,6.62,1.41,0.61,3.3,16.72,5.77,1.21,1.84,0.82,0.01,11.66,0.43,0.14,0.94,4.9,2.76,2.08,0.63,0.41,0.61,13.94,1.82,0.9,1.16,1.65,0.93,0.77,5.59,1.9,3.44,1.49,0.55,1.2,2.52,1.54,0.51,0.16,0.36,15.44,2.67,7.93,4.7,0.78,1.07,0.49,0.88,0.3,0.24,0.14,0.03,0.11,0.08,4.65,5.26,0.13,0.79,0.1,0.03,0.6,0,0.65,0.05,0,12.31
"EN_1890_Wilde,Oscar_ThePictureofDorianGray_Novel.txt",EN_FIC,39537,39537,16.25,82.87,0,55.78,13.28,8.33,0.02,0.18,0.01,7.23,0.88,4.96,9.15,10.68,6.67,7.75,1.5,0.61,2.9,15.47,6.48,0.8,1.91,1.06,0.01,11.16,0.17,0.12,0.86,5.38,2.67,2.64,0.7,0.69,0.59,13.99,2.07,0.83,1.08,2.14,1.12,0.44,5.91,1.47,4.69,2.75,0.59,1.25,3.18,1.97,0.62,0.28,0.34,13.81,2.29,7.2,4.37,0.66,0.73,0.89,0.88,0.24,1.1,0.3,0.12,0.07,0.17,6.46,6.5,0.04,0.25,0.3,0.19,1.06,0,0.39,0,0,15.19
"EN_1891_Gissing,George_NewGrubStreet_Novel.txt",EN_FIC,91666,91666,18.99,84.12,0,56.57,13.36,8.91,0.11,0.01,0.06,8.09,0.64,4.46,8.3,11.39,7.12,7.63,1.77,0.99,3.38,15.81,5.83,1.46,2.09,1.37,0,13.34,0.68,0.23,1.18,5.53,3.08,2.36,0.69,0.47,0.69,15.02,2,1.15,1.73,2.16,1.22,0.67,4.56,2.34,2.59,1.02,0.69,0.75,2.16,1.11,0.54,0.16,0.36,14.39,2.22,6.68,5.3,1.42,1.34,0.64,0.81,0.61,0.19,0.15,0.03,0.11,0.05,5.59,5.5,0.13,1.11,0.12,0.06,0.62,0,2.62,0.03,0.01,15.82
"EN_1891_Hardy,Thomas_TessoftheD'Urbervilles_Novel.txt",EN_FIC,110428,110428,18.1,82.07,0,57.34,12.93,8.51,0.15,0.02,0.14,6.7,1.49,4.43,9.52,10.03,6.58,6.89,1.44,0.66,3.44,16.29,6.62,1.33,2.23,1.03,0.03,11.6,0.58,0.16,0.91,3.85,2.19,1.6,0.39,0.32,0.54,13.74,1.81,0.93,1.3,2.08,0.98,0.57,4.86,2.06,2.8,1.29,0.49,0.9,2.32,1.33,0.4,0.23,0.4,15.67,2.39,7.88,5.35,0.65,1.07,0.53,0.82,0.32,0.54,0.16,0.02,0.09,0.14,4.1,6.47,0.09,0.88,0.08,0.06,0.97,0,0.73,0.03,0,13.43
"EN_1893_Grand,Sarah_TheHeavenlyTwins_Novel.txt",EN_FIC,176449,176449,19.03,85.48,0,58.42,14.28,9.67,0.82,0.12,0.05,7.58,1.1,4.61,8.24,10.91,6.94,7.44,1.86,0.69,3.54,15.59,7.94,1.28,2.44,0.86,0.02,12.93,0.4,0.13,1.59,5.45,3.4,1.97,0.47,0.39,0.61,16.41,2.25,1.09,1.36,2.09,1.49,0.64,5.81,2.44,2.96,1.37,0.6,0.88,2.23,1.29,0.56,0.16,0.26,14.66,1.94,7.08,5.39,0.99,1.28,0.64,0.63,0.28,0.9,0.12,0.03,0.1,0.1,5.08,7.79,0.17,0.91,0.08,0.08,0.37,0.01,0.43,0.02,0,14.96
"EN_1894_Freeman,MaryWilkins_Pembroke_Novel.txt",EN_FIC,53763,53763,16.33,81.38,0,53.52,13.15,10.14,0,0,0,9.34,0.8,3.01,7.92,10.09,5.18,8.04,1.07,0.49,3.07,15.16,7.34,1.25,2,0.75,0.03,13.56,1.04,0.11,0.89,4.27,2.1,2.15,0.73,0.46,0.65,14.85,1.36,0.67,1.13,1.86,1.08,0.82,6.89,2.08,4.33,2.08,0.85,1.11,3.32,2.17,0.5,0.19,0.51,16.95,2.66,8.68,5.68,0.61,0.69,0.44,1.54,0.68,0.34,0.21,0.01,0.08,0.27,6.78,6.52,0.04,0.96,0.02,0,0.8,0,0.93,0.03,0,16.12
"EN_1895_Crane,Stephen_TheRedBadgeofCourage_Novel.txt",EN_FIC,33845,33845,17.52,80.77,0,53.5,13.28,9.12,0.69,0.29,0.26,6.11,1.76,4.15,10.23,10.39,6.08,6.8,1.97,0.53,2.8,14.65,4.98,0.75,1.74,0.63,0.12,12.08,0.08,0.44,1.03,5.79,2.53,3.21,0.59,1.43,0.57,13.48,2.04,1.01,1.41,1.96,1.11,0.69,4.9,1.26,3.69,1.81,0.88,0.84,2.61,1.84,0.46,0.09,0.27,14.37,2.43,7.29,4.97,0.62,1.16,0.27,0.2,0.2,0.27,0.32,0.19,0.15,0.3,6.94,4.8,0.12,0.13,0.28,0.29,0.61,1.04,2.52,0,0,16.72
"EN_1897_Stoker,Bram_Dracula_Novel.txt",EN_FIC,103797,103797,13.45,87.08,0,60.36,15.38,10.91,4.38,1.37,0.12,4.33,0.72,4.47,7.93,13.04,7.58,6.68,4.16,1.13,4.47,15.19,8.24,1.25,2.62,0.84,0.03,9.08,0.13,0.11,0.6,4.67,2.46,2.17,0.68,0.4,0.61,17.28,2.12,0.86,1.58,2.65,1.54,0.67,6.9,2.31,3.59,1.71,0.71,1.02,2.74,1.85,0.54,0.12,0.27,15.73,2.75,7.48,5.37,0.83,1.04,0.5,0.86,0.26,0.38,0.29,0.06,0.13,0.13,5.61,7.77,0.02,0.02,0.06,0.18,0.24,0.04,0.63,0.02,0.01,14.62
